[1.8796 1.8796 1.8288 1.8288 1.8542 1.7526 1.7526 1.8034 1.9304 1.8034
 1.8542 1.8542 1.8796 1.8796 1.7526 1.778  1.8542 1.905  1.9812 2.0066
 1.9304 1.8796 1.9304 1.8288 1.8034 1.905  1.9558 1.8796 1.8542 1.8796
 1.9812 1.8542 1.905  1.8542 1.905  1.905  1.8796 1.7526 1.8034 1.8796
 1.8542 1.8542 1.9304 1.8796 1.8796 1.778  1.8288 1.9558 1.8796 1.778
 1.8542 1.905  1.9304 1.9304 1.9812 1.8796 1.8796 1.9304 1.9558 2.0574
 1.9812 1.905  1.9558 1.905  1.9304 1.8796 1.8288 1.8288 1.905  1.8542
 1.8542 1.8542 1.778  1.778  1.778  1.9304 1.7272 1.8034 1.8288 1.905
 1.905  1.905  1.905  1.7272 1.8796 1.9812 1.8034 1.8542 1.9304 1.8796
 1.8796 2.0066 1.905  1.8542 1.9304 1.8796 1.8796 1.8542 1.8288 1.8796
 1.8542 1.8796 1.8288 1.8542 1.7526 1.8288 1.8542 1.905  1.905  1.8542
 1.8288 1.8288 1.9304 1.8796 1.8288 1.9558 1.8796 1.9558 1.905  1.9304
 2.032  1.8796 1.8796 1.905  1.9812 1.8542 1.8542 1.8796 1.905  1.9304
 1.8034 1.8542 1.8796 1.9304 1.9304 1.8796 1.8542 1.8796 1.778  1.8288
 1.8542 1.8542 1.8542 1.8542 1.8034 1.8796 1.8796 1.8288 1.8796 1.8034
 1.8796 1.8542 1.905  1.905  2.0066 1.8542 1.905  1.9304 1.8796 1.9304
 1.9812 1.8796 1.9304 1.8288 1.8796 1.9304 1.8796 1.905  1.9812 1.905
 1.8288 1.8796 1.8288 1.8796 1.778  1.8034 1.778  1.905  1.8034 1.8034
 1.8542 1.8288 1.8034 1.8542 1.8288 1.905  1.8796 1.8796 1.905  1.8542
 1.9558 1.8542 1.9304 1.905  1.8796 1.9304 1.905  1.8542 1.8034 1.9304
 1.905  1.8288 1.8034 1.9558 1.8542 1.8796 1.8034 1.8288 1.8796 1.905
 1.8542 1.8288 1.905  1.905  1.8796 1.8288 1.8796 1.8034 1.778  1.8796
 1.9558 1.9558 1.905  1.905  1.9812 1.905  1.9304 1.8542 1.905  1.905
 2.0066 1.9558 1.9304 1.8034 1.905  1.8796 1.7526 1.8034 1.9304 1.8288
 1.8288 1.778  1.8288 1.8542 1.8034 1.8288 1.8034 1.8542 1.8288 1.8542
 1.8796 1.8796 1.8288 1.905  1.8796 1.8796 1.9558 1.905  1.8542 1.8288
 1.8034 1.8796 1.9558 1.905  1.905  1.905  1.9812 1.9812 1.8796 1.9304
 1.9812 1.9304 1.778  1.8288 2.032  1.8796 1.8796 1.8034 1.778  1.8288
 1.8034 1.8796 1.8034 1.8288 1.8034 1.8796 1.7526 1.9304 1.905  1.905
 1.9304 1.8542 1.9304 1.8542 1.9558 1.8542 1.8288 1.8288 1.9558 1.9558
 1.8034 1.8796 1.8796 1.8542 1.9812 1.905  1.8542 1.778  1.8796 1.8288
 1.8542 1.8542 1.905  1.905  1.8796 1.9304 1.8542 1.8796 1.905  1.905
 1.8288 1.8542 1.8542 1.8288 1.8796 1.9812 1.9304 1.8542 1.8796 1.905
 1.778  1.905  1.8034 1.8288 1.9812 1.905  1.8542 1.8542 1.8034 1.905
 1.9558 1.8288 1.7526 1.8542 1.8796 1.8288 1.778  1.905  1.778  1.8288
 1.8288 1.8796 1.8542 1.8796 1.9304 1.905  2.032  1.8288 1.905  1.8542
 1.8796 1.8796 1.8542 1.905  1.905  1.8034 1.8542 1.905  1.8796 1.8796
 1.8288 1.8796 1.8796 1.8796 1.8542 1.9304 1.905  1.8288 1.8542 1.8542
 1.8542 1.8288 1.8288 1.8288 1.8288 1.8034 1.905  1.905  1.8796 1.8542
 1.905  2.0066 1.8796 1.9304 1.8542 1.8796 1.8796 1.8288 1.8796 1.8796
 1.905  1.9812 1.8796 1.8796 1.8796 1.9558 1.778  1.8542 1.8796 1.8542
 1.8034 1.905  1.8034 1.8288 1.9558 1.8796 1.778  1.9558 1.8542 1.8288
 1.9304 1.8034 1.9304 1.9812 1.905  1.8542 1.9812 1.8796 2.0066 1.905
 1.9304 1.8288 1.905  1.905  1.778  1.8288 1.778  1.8796 1.8034 1.9304
 1.8542 1.9304 1.8034 1.7526 1.8288 1.8288 1.7526 1.8542 1.7526 1.8542
 1.8796 1.8796 1.8288 1.8034 1.8288 1.8288 1.9304 1.9304 1.9304 1.8796
 1.9304 1.905  1.8034 1.8288 1.8034 1.8542 1.905  1.9304 1.905  1.8034
 1.905  1.8796 1.8288 1.8542 1.8542 1.8542 1.8542 1.9304 1.8288 1.9304
 1.8542 1.8542 1.8542 1.905  1.905  1.9558 1.8542 1.8288 1.905  1.778
 1.8796 1.8288 2.032  1.8034 1.8034 1.8796 1.8796 1.8542 1.905  1.9304
 1.8542 1.9558 1.8288 1.8542 1.9558 1.9304 1.8034 1.905  1.8542 1.8796
 1.9558 1.8034 1.8288 1.8542 1.7526]
