[23.11037639 27.60406069 28.48080465 28.48080465 24.80333518 25.99036864
 30.86356276 27.89402921 28.11789135 25.10462629 24.80333518 23.7478741
 23.75233129 20.54255679 26.58105883 26.54444207 24.93526781 23.12315842
 25.30771077 25.91025019 24.95310704 29.52992539 23.73588231 24.41211827
 26.77826804 28.12276025 24.07202028 25.03624109 24.01173937 24.13750423
 23.11206463 23.7478741  24.99800911 26.38652678 30.62256116 29.99761093
 27.60406069 27.31942158 24.40727556 25.54980501 26.38652678 28.36551629
 24.34449467 26.32015089 26.44854187 26.68792554 25.4971013  26.08790375
 26.96210579 27.97927677 26.38652678 24.99800911 25.80516435 27.26583403
 24.26766786 26.32015089 28.24601559 23.73588231 23.71627614 27.86129273
 26.34775368 33.74731229 23.71627614 26.24790956 23.12726994 28.24601559
 24.41211827 27.80269025 26.24790956 29.02517946 27.83778576 26.38652678
 25.82702472 27.26185942 24.39219001 27.99616887 23.56740829 25.80197702
 25.09023267 24.99800911 28.12276025 28.12276025 27.49781002 24.32764727
 26.32015089 27.15667594 34.86753651 27.70585312 23.12726994 20.54255679
 25.67819599 23.09391864 27.74779011 25.72686361 24.95310704 28.24601559
 28.24601559 22.42854777 25.09023267 25.03624109 29.02517946 29.52992539
 24.41211827 29.02517946 26.58105883 24.41211827 22.42854777 26.24790956
 26.87285979 26.38652678 28.88767328 24.41211827 23.37071489 30.17188029
 25.09023267 27.86662446 26.96210579 26.32506651 26.24790956 27.99616887
 24.16799709 23.11037639 24.39428619 24.99800911 24.26766786 25.59493098
 23.7478741  24.39428619 29.99761093 24.34449467 27.61508891 26.38652678
 25.03624109 25.56171941 26.77894414 24.39428619 27.70585312 28.88797049
 25.82702472 25.09023267 22.42854777 24.40753727 24.40753727 23.7478741
 24.82568599 22.46842149 25.67819599 27.66706737 27.09049677 26.49932775
 26.96210579 25.06720044 23.74810865 23.12315842 32.66944589 23.08821094
 23.12315842 24.34449467 28.24601559 20.69282047 25.4232711  24.39428619
 26.77894414 27.80269025 25.67819599 30.43061834 28.88797049 26.87285979
 24.26766786 26.87285979 26.44646146 25.67819599 26.31083858 28.24601559
 25.82702472 25.10462629 24.39219001 24.37305888 25.10462629 23.70992483
 27.17812259 27.80269025 27.89402921 29.68484263 27.26019873 28.12276025
 29.91509833 23.11037639 28.12276025 23.7478741  26.08790375 23.7478741
 28.84822619 26.87285979 24.39428619 28.60478124 23.74810865 23.7478741
 23.01257409 23.73588231 24.99800911 25.76834706 26.49932775 21.93755543
 24.40753727 26.32015089 26.49932775 27.80269025 26.44854187 27.49781002
 27.44198785 23.05588948 24.37305888 26.24790956 24.39428619 28.61642753
 29.52992539 23.70992483 26.54444207 23.75233129 28.57811275 26.68081066
 26.24790956 21.87325797 26.57887433 24.99800911 26.17033177 26.12266152
 28.24775029 34.74723266 24.22045126 27.27371756 29.21339361 25.66250687
 27.37281997 21.82646659 32.1926157  26.49932775 27.38755651 29.83703344
 23.86962675 27.26185942 26.71770722 26.91425732 23.29151439 24.41211827
 27.19667848 29.02517946 29.15891904 24.40753727 24.39428619 26.32015089
 27.80269025 24.99800911 26.96210579 27.60406069 23.71627614 25.62295933
 27.83778576 25.76834706 29.00979037 25.67819599 24.90208995 28.99769056
 28.74771047 26.24790956 25.4232711  24.26766786 25.93497795 25.80516435
 26.00107271 20.69282047 27.26185942 27.12457585 26.03552413 28.24601559
 21.82646659 26.91773818 27.26185942 20.34343189 30.68343213 25.67819599
 26.49932775 25.09023267 25.80197702 25.67819599 25.39967844 26.77894414
 28.12276025 23.74810865 23.73588231 28.89324683 23.12726994 25.99072888
 23.71627614 25.72686361 28.48080465 24.00524963 26.08790375 27.86662446
 25.10462629 25.03624109 25.03624109 25.06720044 26.57887433 23.74810865
 26.38652678 27.26185942 24.39428619 27.12457585 26.38652678 24.27560464
 24.99800911 22.4982082  28.11762461 22.76210252 26.38652678 28.24601559
 25.62295933 23.74810865 23.05588948 21.10922143 28.36551629 23.73400387
 26.32015089 23.11206463 26.0486093  26.38652678 24.39428619 22.4982082
 29.41411148 27.49781002 26.49932775 29.15891904 27.15667594 23.8730987
 26.38652678 23.87980674 27.89402921 26.24790956 28.45953137 25.09023267
 24.3659706  25.06720044 23.75233129 23.73400387 22.23993795 26.24790956
 24.39219001 23.73400387 29.83703344 26.96210579 27.04618995 25.67819599
 24.95310704 24.37305888 26.36508773 20.34343189 24.99800911 28.36551629
 25.93497795 25.67819599 25.06720044 25.62295933 23.74810865 22.31522336
 28.36551629 23.12315842 25.67819599 24.39428619 28.48080465 23.75233129
 28.24601559 24.39428619 26.65039205 24.95310704 27.49781002 23.73400387
 21.10922143 25.06720044 26.38652678 31.05763935 27.93831313 29.83703344
 24.41211827 27.19667848 21.87325797 23.49812856 29.52992539 25.06720044
 24.99800911 21.40411972 28.11762461 28.60478124 23.7478741  23.11037639
 23.11037639 27.12457585 30.04348931 23.75233129 27.49781002 25.76995207
 25.67819599 26.96210579 25.67819599 24.90208995 27.26185942 23.3520762
 29.14475245 23.7478741  27.19667848 24.87301906 24.40727556 25.09023267
 28.45953137 26.96210579 25.82702472 23.00478785 29.68484263 24.41211827
 24.95310704 26.91773818 27.99616887 26.57887433 27.49781002 26.38652678
 28.77452047 24.39428619 23.43187843 30.62256116 30.43061834 21.69966068
 23.99808874 27.49781002 24.39219001 26.71770722 22.23993795 24.39428619
 27.89402921 26.77894414 27.70585312 27.75272393 26.49932775 23.62760785
 24.95460979 24.41211827 26.58105883 26.38652678 25.99036864 21.10922143
 28.50279755 27.09049677 26.44646146 27.89402921 23.73400387 27.93831313
 29.21339361 22.51865757 31.64784307 23.75233129 26.90066661 25.62295933
 27.89402921 23.05588948 28.03349935 27.04618995 23.12315842 24.95310704
 30.62256116 30.68343213 26.24790956 28.24601559 25.09023267 23.08821094
 22.42854777 23.7478741  26.38652678 25.56171941 23.73400387 26.77894414
 27.17812259 23.7478741  27.70585312 24.37305888 24.99800911 23.71627614
 21.63695196 24.41211827 27.49781002 27.97927677 26.32015089 23.05588948
 26.36508773 29.28873067 27.19667848 25.67819599 26.32015089 25.33106571
 23.74810865 20.69282047 31.66383214 23.71627614 27.80269025 23.08821094
 29.64534517 26.77894414 31.24131271 26.24790956 25.72686361 23.11037639
 29.05243827 24.40727556 24.41211827 28.36551629 25.84269609]
